# 2-colouring of [3]^4 (x1 x2 x3 x4 colour) whose UNIQUE monochromatic line is the
# diagonal {1111,2222,3333} => no line of L^[3] is monochromatic, HJ^[3](3) >= 5 (Table A.4).
1 1 1 1 0
1 1 1 2 1
1 1 1 3 0
1 1 2 1 1
1 1 2 2 1
1 1 2 3 0
1 1 3 1 0
1 1 3 2 0
1 1 3 3 1
1 2 1 1 1
1 2 1 2 1
1 2 1 3 0
1 2 2 1 1
1 2 2 2 0
1 2 2 3 1
1 2 3 1 0
1 2 3 2 1
1 2 3 3 0
1 3 1 1 0
1 3 1 2 0
1 3 1 3 1
1 3 2 1 0
1 3 2 2 1
1 3 2 3 0
1 3 3 1 1
1 3 3 2 0
1 3 3 3 1
2 1 1 1 1
2 1 1 2 1
2 1 1 3 0
2 1 2 1 1
2 1 2 2 0
2 1 2 3 1
2 1 3 1 0
2 1 3 2 1
2 1 3 3 0
2 2 1 1 1
2 2 1 2 0
2 2 1 3 1
2 2 2 1 0
2 2 2 2 0
2 2 2 3 1
2 2 3 1 1
2 2 3 2 1
2 2 3 3 0
2 3 1 1 0
2 3 1 2 1
2 3 1 3 0
2 3 2 1 1
2 3 2 2 1
2 3 2 3 0
2 3 3 1 0
2 3 3 2 0
2 3 3 3 1
3 1 1 1 0
3 1 1 2 0
3 1 1 3 1
3 1 2 1 0
3 1 2 2 1
3 1 2 3 0
3 1 3 1 1
3 1 3 2 0
3 1 3 3 1
3 2 1 1 0
3 2 1 2 1
3 2 1 3 0
3 2 2 1 1
3 2 2 2 1
3 2 2 3 0
3 2 3 1 0
3 2 3 2 0
3 2 3 3 1
3 3 1 1 1
3 3 1 2 0
3 3 1 3 1
3 3 2 1 0
3 3 2 2 0
3 3 2 3 1
3 3 3 1 1
3 3 3 2 1
3 3 3 3 0
